7f 45 4c 46 01 01 01 00 00 00 00 00 00 00 00 00 
02 00 28 00 01 00 00 00 00 80 00 00 34 00 00 00 
20 19 00 00 00 02 00 05 34 00 20 00 01 00 28 00 
0d 00 0c 00 01 00 00 00 00 10 00 00 00 80 00 00 
00 80 00 00 0c 03 00 00 0c 03 00 00 05 00 00 00 
00 10 00 00 00 00 00 00 00 00 00 00 00 00 00 00 
00 00 00 00 00 00 00 00 00 00 00 00 00 00 00 00 
00 00 00 00 00 00 00 00 00 00 00 00 00 00 00 00 
00 00 00 00 00 00 00 00 00 00 00 00 00 00 00 00 
00 00 00 00 00 00 00 00 00 00 00 00 00 00 00 00 
00 00 00 00 00 00 00 00 00 00 00 00 00 00 00 00 
00 00 00 00 00 00 00 00 00 00 00 00 00 00 00 00 
00 00 00 00 00 00 00 00 00 00 00 00 00 00 00 00 
00 00 00 00 00 00 00 00 00 00 00 00 00 00 00 00 
00 00 00 00 00 00 00 00 00 00 00 00 00 00 00 00 
00 00 00 00 00 00 00 00 00 00 00 00 00 00 00 00 
00 00 00 00 00 00 00 00 00 00 00 00 00 00 00 00 
00 00 00 00 00 00 00 00 00 00 00 00 00 00 00 00 
00 00 00 00 00 00 00 00 00 00 00 00 00 00 00 00 
00 00 00 00 00 00 00 00 00 00 00 00 00 00 00 00 
00 00 00 00 00 00 00 00 00 00 00 00 00 00 00 00 
00 00 00 00 00 00 00 00 00 00 00 00 00 00 00 00 
00 00 00 00 00 00 00 00 00 00 00 00 00 00 00 00 
00 00 00 00 00 00 00 00 00 00 00 00 00 00 00 00 
00 00 00 00 00 00 00 00 00 00 00 00 00 00 00 00 
00 00 00 00 00 00 00 00 00 00 00 00 00 00 00 00 
00 00 00 00 00 00 00 00 00 00 00 00 00 00 00 00 
00 00 00 00 00 00 00 00 00 00 00 00 00 00 00 00 
00 00 00 00 00 00 00 00 00 00 00 00 00 00 00 00 
00 00 00 00 00 00 00 00 00 00 00 00 00 00 00 00 
00 00 00 00 00 00 00 00 00 00 00 00 00 00 00 00 
00 00 00 00 00 00 00 00 00 00 00 00 00 00 00 00 
00 00 00 00 00 00 00 00 00 00 00 00 00 00 00 00 
00 00 00 00 00 00 00 00 00 00 00 00 00 00 00 00 
00 00 00 00 00 00 00 00 00 00 00 00 00 00 00 00 
00 00 00 00 00 00 00 00 00 00 00 00 00 00 00 00 
00 00 00 00 00 00 00 00 00 00 00 00 00 00 00 00 
00 00 00 00 00 00 00 00 00 00 00 00 00 00 00 00 
00 00 00 00 00 00 00 00 00 00 00 00 00 00 00 00 
00 00 00 00 00 00 00 00 00 00 00 00 00 00 00 00 
00 00 00 00 00 00 00 00 00 00 00 00 00 00 00 00 
00 00 00 00 00 00 00 00 00 00 00 00 00 00 00 00 
00 00 00 00 00 00 00 00 00 00 00 00 00 00 00 00 
00 00 00 00 00 00 00 00 00 00 00 00 00 00 00 00 
00 00 00 00 00 00 00 00 00 00 00 00 00 00 00 00 
00 00 00 00 00 00 00 00 00 00 00 00 00 00 00 00 
00 00 00 00 00 00 00 00 00 00 00 00 00 00 00 00 
00 00 00 00 00 00 00 00 00 00 00 00 00 00 00 00 
00 00 00 00 00 00 00 00 00 00 00 00 00 00 00 00 
00 00 00 00 00 00 00 00 00 00 00 00 00 00 00 00 
00 00 00 00 00 00 00 00 00 00 00 00 00 00 00 00 
00 00 00 00 00 00 00 00 00 00 00 00 00 00 00 00 
00 00 00 00 00 00 00 00 00 00 00 00 00 00 00 00 
00 00 00 00 00 00 00 00 00 00 00 00 00 00 00 00 
00 00 00 00 00 00 00 00 00 00 00 00 00 00 00 00 
00 00 00 00 00 00 00 00 00 00 00 00 00 00 00 00 
00 00 00 00 00 00 00 00 00 00 00 00 00 00 00 00 
00 00 00 00 00 00 00 00 00 00 00 00 00 00 00 00 
00 00 00 00 00 00 00 00 00 00 00 00 00 00 00 00 
00 00 00 00 00 00 00 00 00 00 00 00 00 00 00 00 
00 00 00 00 00 00 00 00 00 00 00 00 00 00 00 00 
00 00 00 00 00 00 00 00 00 00 00 00 00 00 00 00 
00 00 00 00 00 00 00 00 00 00 00 00 00 00 00 00 
00 00 00 00 00 00 00 00 00 00 00 00 00 00 00 00 
00 00 00 00 00 00 00 00 00 00 00 00 00 00 00 00 
00 00 00 00 00 00 00 00 00 00 00 00 00 00 00 00 
00 00 00 00 00 00 00 00 00 00 00 00 00 00 00 00 
00 00 00 00 00 00 00 00 00 00 00 00 00 00 00 00 
00 00 00 00 00 00 00 00 00 00 00 00 00 00 00 00 
00 00 00 00 00 00 00 00 00 00 00 00 00 00 00 00 
00 00 00 00 00 00 00 00 00 00 00 00 00 00 00 00 
00 00 00 00 00 00 00 00 00 00 00 00 00 00 00 00 
00 00 00 00 00 00 00 00 00 00 00 00 00 00 00 00 
00 00 00 00 00 00 00 00 00 00 00 00 00 00 00 00 
00 00 00 00 00 00 00 00 00 00 00 00 00 00 00 00 
00 00 00 00 00 00 00 00 00 00 00 00 00 00 00 00 
00 00 00 00 00 00 00 00 00 00 00 00 00 00 00 00 
00 00 00 00 00 00 00 00 00 00 00 00 00 00 00 00 
00 00 00 00 00 00 00 00 00 00 00 00 00 00 00 00 
00 00 00 00 00 00 00 00 00 00 00 00 00 00 00 00 
00 00 00 00 00 00 00 00 00 00 00 00 00 00 00 00 
00 00 00 00 00 00 00 00 00 00 00 00 00 00 00 00 
00 00 00 00 00 00 00 00 00 00 00 00 00 00 00 00 
00 00 00 00 00 00 00 00 00 00 00 00 00 00 00 00 
00 00 00 00 00 00 00 00 00 00 00 00 00 00 00 00 
00 00 00 00 00 00 00 00 00 00 00 00 00 00 00 00 
00 00 00 00 00 00 00 00 00 00 00 00 00 00 00 00 
00 00 00 00 00 00 00 00 00 00 00 00 00 00 00 00 
00 00 00 00 00 00 00 00 00 00 00 00 00 00 00 00 
00 00 00 00 00 00 00 00 00 00 00 00 00 00 00 00 
00 00 00 00 00 00 00 00 00 00 00 00 00 00 00 00 
00 00 00 00 00 00 00 00 00 00 00 00 00 00 00 00 
00 00 00 00 00 00 00 00 00 00 00 00 00 00 00 00 
00 00 00 00 00 00 00 00 00 00 00 00 00 00 00 00 
00 00 00 00 00 00 00 00 00 00 00 00 00 00 00 00 
00 00 00 00 00 00 00 00 00 00 00 00 00 00 00 00 
00 00 00 00 00 00 00 00 00 00 00 00 00 00 00 00 
00 00 00 00 00 00 00 00 00 00 00 00 00 00 00 00 
00 00 00 00 00 00 00 00 00 00 00 00 00 00 00 00 
00 00 00 00 00 00 00 00 00 00 00 00 00 00 00 00 
00 00 00 00 00 00 00 00 00 00 00 00 00 00 00 00 
00 00 00 00 00 00 00 00 00 00 00 00 00 00 00 00 
00 00 00 00 00 00 00 00 00 00 00 00 00 00 00 00 
00 00 00 00 00 00 00 00 00 00 00 00 00 00 00 00 
00 00 00 00 00 00 00 00 00 00 00 00 00 00 00 00 
00 00 00 00 00 00 00 00 00 00 00 00 00 00 00 00 
00 00 00 00 00 00 00 00 00 00 00 00 00 00 00 00 
00 00 00 00 00 00 00 00 00 00 00 00 00 00 00 00 
00 00 00 00 00 00 00 00 00 00 00 00 00 00 00 00 
00 00 00 00 00 00 00 00 00 00 00 00 00 00 00 00 
00 00 00 00 00 00 00 00 00 00 00 00 00 00 00 00 
00 00 00 00 00 00 00 00 00 00 00 00 00 00 00 00 
00 00 00 00 00 00 00 00 00 00 00 00 00 00 00 00 
00 00 00 00 00 00 00 00 00 00 00 00 00 00 00 00 
00 00 00 00 00 00 00 00 00 00 00 00 00 00 00 00 
00 00 00 00 00 00 00 00 00 00 00 00 00 00 00 00 
00 00 00 00 00 00 00 00 00 00 00 00 00 00 00 00 
00 00 00 00 00 00 00 00 00 00 00 00 00 00 00 00 
00 00 00 00 00 00 00 00 00 00 00 00 00 00 00 00 
00 00 00 00 00 00 00 00 00 00 00 00 00 00 00 00 
00 00 00 00 00 00 00 00 00 00 00 00 00 00 00 00 
00 00 00 00 00 00 00 00 00 00 00 00 00 00 00 00 
00 00 00 00 00 00 00 00 00 00 00 00 00 00 00 00 
00 00 00 00 00 00 00 00 00 00 00 00 00 00 00 00 
00 00 00 00 00 00 00 00 00 00 00 00 00 00 00 00 
00 00 00 00 00 00 00 00 00 00 00 00 00 00 00 00 
00 00 00 00 00 00 00 00 00 00 00 00 00 00 00 00 
00 00 00 00 00 00 00 00 00 00 00 00 00 00 00 00 
00 00 00 00 00 00 00 00 00 00 00 00 00 00 00 00 
00 00 00 00 00 00 00 00 00 00 00 00 00 00 00 00 
00 00 00 00 00 00 00 00 00 00 00 00 00 00 00 00 
00 00 00 00 00 00 00 00 00 00 00 00 00 00 00 00 
00 00 00 00 00 00 00 00 00 00 00 00 00 00 00 00 
00 00 00 00 00 00 00 00 00 00 00 00 00 00 00 00 
00 00 00 00 00 00 00 00 00 00 00 00 00 00 00 00 
00 00 00 00 00 00 00 00 00 00 00 00 00 00 00 00 
00 00 00 00 00 00 00 00 00 00 00 00 00 00 00 00 
00 00 00 00 00 00 00 00 00 00 00 00 00 00 00 00 
00 00 00 00 00 00 00 00 00 00 00 00 00 00 00 00 
00 00 00 00 00 00 00 00 00 00 00 00 00 00 00 00 
00 00 00 00 00 00 00 00 00 00 00 00 00 00 00 00 
00 00 00 00 00 00 00 00 00 00 00 00 00 00 00 00 
00 00 00 00 00 00 00 00 00 00 00 00 00 00 00 00 
00 00 00 00 00 00 00 00 00 00 00 00 00 00 00 00 
00 00 00 00 00 00 00 00 00 00 00 00 00 00 00 00 
00 00 00 00 00 00 00 00 00 00 00 00 00 00 00 00 
00 00 00 00 00 00 00 00 00 00 00 00 00 00 00 00 
00 00 00 00 00 00 00 00 00 00 00 00 00 00 00 00 
00 00 00 00 00 00 00 00 00 00 00 00 00 00 00 00 
00 00 00 00 00 00 00 00 00 00 00 00 00 00 00 00 
00 00 00 00 00 00 00 00 00 00 00 00 00 00 00 00 
00 00 00 00 00 00 00 00 00 00 00 00 00 00 00 00 
00 00 00 00 00 00 00 00 00 00 00 00 00 00 00 00 
00 00 00 00 00 00 00 00 00 00 00 00 00 00 00 00 
00 00 00 00 00 00 00 00 00 00 00 00 00 00 00 00 
00 00 00 00 00 00 00 00 00 00 00 00 00 00 00 00 
00 00 00 00 00 00 00 00 00 00 00 00 00 00 00 00 
00 00 00 00 00 00 00 00 00 00 00 00 00 00 00 00 
00 00 00 00 00 00 00 00 00 00 00 00 00 00 00 00 
00 00 00 00 00 00 00 00 00 00 00 00 00 00 00 00 
00 00 00 00 00 00 00 00 00 00 00 00 00 00 00 00 
00 00 00 00 00 00 00 00 00 00 00 00 00 00 00 00 
00 00 00 00 00 00 00 00 00 00 00 00 00 00 00 00 
00 00 00 00 00 00 00 00 00 00 00 00 00 00 00 00 
00 00 00 00 00 00 00 00 00 00 00 00 00 00 00 00 
00 00 00 00 00 00 00 00 00 00 00 00 00 00 00 00 
00 00 00 00 00 00 00 00 00 00 00 00 00 00 00 00 
00 00 00 00 00 00 00 00 00 00 00 00 00 00 00 00 
00 00 00 00 00 00 00 00 00 00 00 00 00 00 00 00 
00 00 00 00 00 00 00 00 00 00 00 00 00 00 00 00 
00 00 00 00 00 00 00 00 00 00 00 00 00 00 00 00 
00 00 00 00 00 00 00 00 00 00 00 00 00 00 00 00 
00 00 00 00 00 00 00 00 00 00 00 00 00 00 00 00 
00 00 00 00 00 00 00 00 00 00 00 00 00 00 00 00 
00 00 00 00 00 00 00 00 00 00 00 00 00 00 00 00 
00 00 00 00 00 00 00 00 00 00 00 00 00 00 00 00 
00 00 00 00 00 00 00 00 00 00 00 00 00 00 00 00 
00 00 00 00 00 00 00 00 00 00 00 00 00 00 00 00 
00 00 00 00 00 00 00 00 00 00 00 00 00 00 00 00 
00 00 00 00 00 00 00 00 00 00 00 00 00 00 00 00 
00 00 00 00 00 00 00 00 00 00 00 00 00 00 00 00 
00 00 00 00 00 00 00 00 00 00 00 00 00 00 00 00 
00 00 00 00 00 00 00 00 00 00 00 00 00 00 00 00 
00 00 00 00 00 00 00 00 00 00 00 00 00 00 00 00 
00 00 00 00 00 00 00 00 00 00 00 00 00 00 00 00 
00 00 00 00 00 00 00 00 00 00 00 00 00 00 00 00 
00 00 00 00 00 00 00 00 00 00 00 00 00 00 00 00 
00 00 00 00 00 00 00 00 00 00 00 00 00 00 00 00 
00 00 00 00 00 00 00 00 00 00 00 00 00 00 00 00 
00 00 00 00 00 00 00 00 00 00 00 00 00 00 00 00 
00 00 00 00 00 00 00 00 00 00 00 00 00 00 00 00 
00 00 00 00 00 00 00 00 00 00 00 00 00 00 00 00 
00 00 00 00 00 00 00 00 00 00 00 00 00 00 00 00 
00 00 00 00 00 00 00 00 00 00 00 00 00 00 00 00 
00 00 00 00 00 00 00 00 00 00 00 00 00 00 00 00 
00 00 00 00 00 00 00 00 00 00 00 00 00 00 00 00 
00 00 00 00 00 00 00 00 00 00 00 00 00 00 00 00 
00 00 00 00 00 00 00 00 00 00 00 00 00 00 00 00 
00 00 00 00 00 00 00 00 00 00 00 00 00 00 00 00 
00 00 00 00 00 00 00 00 00 00 00 00 00 00 00 00 
00 00 00 00 00 00 00 00 00 00 00 00 00 00 00 00 
00 00 00 00 00 00 00 00 00 00 00 00 00 00 00 00 
00 00 00 00 00 00 00 00 00 00 00 00 00 00 00 00 
00 00 00 00 00 00 00 00 00 00 00 00 00 00 00 00 
00 00 00 00 00 00 00 00 00 00 00 00 00 00 00 00 
00 00 00 00 00 00 00 00 00 00 00 00 00 00 00 00 
00 00 00 00 00 00 00 00 00 00 00 00 00 00 00 00 
00 00 00 00 00 00 00 00 00 00 00 00 00 00 00 00 
00 00 00 00 00 00 00 00 00 00 00 00 00 00 00 00 
00 00 00 00 00 00 00 00 00 00 00 00 00 00 00 00 
00 00 00 00 00 00 00 00 00 00 00 00 00 00 00 00 
00 00 00 00 00 00 00 00 00 00 00 00 00 00 00 00 
00 00 00 00 00 00 00 00 00 00 00 00 00 00 00 00 
00 00 00 00 00 00 00 00 00 00 00 00 00 00 00 00 
00 00 00 00 00 00 00 00 00 00 00 00 00 00 00 00 
00 00 00 00 00 00 00 00 00 00 00 00 00 00 00 00 
00 00 00 00 00 00 00 00 00 00 00 00 00 00 00 00 
00 00 00 00 00 00 00 00 00 00 00 00 00 00 00 00 
00 00 00 00 00 00 00 00 00 00 00 00 00 00 00 00 
00 00 00 00 00 00 00 00 00 00 00 00 00 00 00 00 
00 00 00 00 00 00 00 00 00 00 00 00 00 00 00 00 
00 00 00 00 00 00 00 00 00 00 00 00 00 00 00 00 
00 00 00 00 00 00 00 00 00 00 00 00 00 00 00 00 
00 00 00 00 00 00 00 00 00 00 00 00 00 00 00 00 
00 00 00 00 00 00 00 00 00 00 00 00 00 00 00 00 
00 00 00 00 00 00 00 00 00 00 00 00 00 00 00 00 
00 00 00 00 00 00 00 00 00 00 00 00 00 00 00 00 
00 00 00 00 00 00 00 00 00 00 00 00 00 00 00 00 
00 00 00 00 00 00 00 00 00 00 00 00 00 00 00 00 
00 00 00 00 00 00 00 00 00 00 00 00 00 00 00 00 
00 00 00 00 00 00 00 00 00 00 00 00 00 00 00 00 
00 00 00 00 00 00 00 00 00 00 00 00 00 00 00 00 
00 00 00 00 00 00 00 00 00 00 00 00 00 00 00 00 
00 00 00 00 00 00 00 00 00 00 00 00 00 00 00 00 
00 00 00 00 00 00 00 00 00 00 00 00 00 00 00 00 
00 00 00 00 00 00 00 00 00 00 00 00 00 00 00 00 
00 00 00 00 00 00 00 00 00 00 00 00 00 00 00 00 
00 00 00 00 00 00 00 00 00 00 00 00 00 00 00 00 
00 00 00 00 00 00 00 00 00 00 00 00 00 00 00 00 
00 00 00 00 00 00 00 00 00 00 00 00 00 00 00 00 
00 00 00 00 00 00 00 00 00 00 00 00 00 00 00 00 
00 00 00 00 00 00 00 00 00 00 00 00 00 00 00 00 
00 00 00 00 00 00 00 00 00 00 00 00 00 00 00 00 
00 00 00 00 00 00 00 00 00 00 00 00 00 00 00 00 
00 00 00 00 00 00 00 00 00 00 00 00 00 00 00 00 
00 00 00 00 00 00 00 00 00 00 00 00 00 00 00 00 
00 00 00 00 00 00 00 00 00 00 00 00 00 00 00 00 
00 00 00 00 00 00 00 00 00 00 00 00 00 00 00 00 
00 00 00 00 00 00 00 00 00 00 00 00 00 00 00 00 
00 00 00 00 00 00 00 00 00 00 00 00 00 00 00 00 
00 00 00 00 00 00 00 00 00 00 00 00 00 00 00 00 
00 00 00 00 00 00 00 00 00 00 00 00 00 00 00 00 
00 00 00 00 00 00 00 00 00 00 00 00 00 00 00 00 
00 00 00 00 00 00 00 00 00 00 00 00 00 00 00 00 
00 00 00 00 00 00 00 00 00 00 00 00 00 00 00 00 
00 00 00 00 00 00 00 00 00 00 00 00 00 00 00 00 
e8 02 9f e5 00 10 80 e5 00 10 a0 e3 00 20 a0 e3 
64 00 52 e3 b4 00 00 aa 64 00 51 e3 02 00 00 da 
00 10 a0 e3 02 20 82 e2 f8 ff ff ea 00 30 a0 e3 
19 9e a0 e3 92 09 04 e0 04 30 81 e0 03 40 d0 e7 
ac 52 9f e5 00 40 c5 e5 01 30 83 e2 03 40 d0 e7 
a0 52 9f e5 00 40 c5 e5 ff 30 83 e2 90 30 83 e2 
03 40 d0 e7 90 52 9f e5 00 40 c5 e5 01 30 83 e2 
03 40 d0 e7 84 52 9f e5 00 40 c5 e5 02 00 00 eb 
6f 00 00 eb 02 10 81 e2 e2 ff ff ea 3f 40 2d e9 
6c 02 9f e5 01 10 a0 e3 04 20 a0 e3 50 32 9f e5 
50 42 9f e5 02 50 a0 e3 81 00 00 eb 01 50 45 e2 
05 10 c0 e7 01 10 a0 e3 04 20 a0 e3 30 32 9f e5 
30 42 9f e5 03 50 a0 e3 79 00 00 eb 01 50 45 e2 
05 10 c0 e7 01 10 a0 e3 0d 20 a0 e3 10 32 9f e5 
14 42 9f e5 05 50 a0 e3 71 00 00 eb 01 50 45 e2 
05 10 c0 e7 01 10 a0 e3 0d 20 a0 e3 f0 31 9f e5 
f4 41 9f e5 09 50 a0 e3 69 00 00 eb 01 50 45 e2 
05 10 c0 e7 0d 10 a0 e3 10 20 a0 e3 d8 31 9f e5 
d8 41 9f e5 0e 50 a0 e3 61 00 00 eb 01 50 45 e2 
05 10 c0 e7 0d 10 a0 e3 10 20 a0 e3 b8 31 9f e5 
b8 41 9f e5 0f 50 a0 e3 59 00 00 eb 01 50 45 e2 
05 10 c0 e7 04 10 a0 e3 10 20 a0 e3 94 31 9f e5 
98 41 9f e5 08 50 a0 e3 51 00 00 eb 01 50 45 e2 
05 10 c0 e7 04 10 a0 e3 10 20 a0 e3 74 31 9f e5 
78 41 9f e5 0c 50 a0 e3 49 00 00 eb 01 50 45 e2 
05 10 c0 e7 05 10 a0 e3 08 20 a0 e3 04 30 d0 e5 
07 40 d0 e5 06 50 a0 e3 41 00 00 eb 01 50 45 e2 
05 10 c0 e7 05 10 a0 e3 08 20 a0 e3 04 30 d0 e5 
07 40 d0 e5 07 50 a0 e3 39 00 00 eb 01 50 45 e2 
05 10 c0 e7 09 10 a0 e3 0c 20 a0 e3 08 30 d0 e5 
0b 40 d0 e5 0a 50 a0 e3 01 50 45 e2 05 10 c0 e7 
09 10 a0 e3 0c 20 a0 e3 08 30 d0 e5 0b 40 d0 e5 
0b 50 a0 e3 01 50 45 e2 05 10 c0 e7 e0 10 9f e5 
00 10 d1 e5 00 10 c0 e5 d8 10 9f e5 00 10 d1 e5 
03 10 c0 e5 d0 10 9f e5 00 10 d1 e5 0c 10 c0 e5 
c8 10 9f e5 00 10 d1 e5 0f 10 c0 e5 3f 40 bd e8 
1e ff 2f e1 f8 43 2d e9 b4 30 9f e5 b4 40 9f e5 
00 50 a0 e3 00 60 a0 e3 00 70 a0 e1 27 71 a0 e1 
01 80 a0 e1 28 81 a0 e1 c8 90 a0 e3 97 09 08 e0 
08 70 87 e0 10 00 56 e3 0b 00 00 0a 00 50 a0 e3 
00 90 d7 e5 08 90 c4 e7 01 50 85 e2 01 70 87 e2 
01 80 88 e2 10 00 55 e3 f8 ff ff eb 10 70 87 e2 
c8 80 88 e2 01 60 86 e2 f1 ff ff ea f8 43 bd e8 
1e ff 2f e1 c0 43 2d e9 05 60 42 e0 01 70 42 e0 
16 f7 36 e7 06 70 a0 e1 97 03 06 e0 01 80 45 e0 
01 90 42 e0 19 f8 39 e7 09 80 b0 e1 98 04 09 e0 
06 10 89 e0 c0 43 bd e8 1e ff 2f e1 fe ff ff ea 
34 4e 00 00 30 4e 00 00 31 4e 00 00 32 4e 00 00 
33 4e 00 00 20 4e 00 00 00 71 02 00 00 00 00 00 
1c 00 00 00 02 00 00 00 00 00 04 00 00 00 00 00 
00 80 00 00 0c 03 00 00 00 00 00 00 00 00 00 00 
22 00 00 00 02 00 00 00 00 00 04 01 00 00 00 00 
00 80 00 00 0c 83 00 00 00 00 00 00 23 00 00 00 
79 00 00 00 01 80 01 11 00 10 06 11 01 12 01 03 
0e 1b 0e 25 0e 13 05 00 00 00 15 01 00 00 02 00 
36 00 00 00 02 01 fb 0e 0a 00 01 01 01 01 00 00 
00 01 73 72 63 00 00 62 69 6c 69 6e 65 61 72 5f 
69 6e 74 65 72 70 6f 6c 61 74 69 6f 6e 5f 6e 6f 
76 61 72 2e 73 00 01 00 00 00 00 05 02 00 80 00 
00 11 2c 2c 2c 2d 2c 2d 2c 2c 2c 2c 2f 2c 2c 2c 
2f 2c 2c 2e 2c 2c 2c 2e 2c 2c 2c 2c 2e 2c 2c 2c 
2d 2c 2d 2c 2f 2c 2e 2c 2c 2c 2c 2d 2d 2c 2e 2c 
2c 2c 2c 2d 2d 2c 2e 2c 2c 2c 2c 2d 2d 2c 2e 2c 
2c 2c 2c 2d 2d 2c 2e 2c 2c 2c 2c 2d 2d 2c 2e 2c 
2c 2c 2c 2d 2d 2c 2e 2c 2c 2c 2c 2c 2d 2c 2e 2c 
2c 2c 2c 2c 2d 2c 30 2c 2c 2c 2c 2c 2d 2c 2e 2c 
2c 2c 2c 2c 2d 2c 2e 2c 2c 2c 2c 2d 2c 2e 2c 2c 
2c 2c 2d 2c 2e 2c 2c 2e 2c 2c 2e 2c 2c 2e 2c 2c 
2d 2c 2d 2c 2c 2c 2c 2d 2c 2d 2c 2c 2c 2d 2d 2c 
2c 2d 2c 2d 2c 2c 2c 2c 2c 2c 2c 2c 2f 2c 33 2c 
2c 2c 2c 2c 2d 2c 2c 2c 2c 2d 2d 2c 2e 03 e7 7d 
2b 03 18 2b 31 32 31 03 0c 2b 03 a5 01 2b 02 02 
00 01 01 73 72 63 2f 62 69 6c 69 6e 65 61 72 5f 
69 6e 74 65 72 70 6f 6c 61 74 69 6f 6e 5f 6e 6f 
76 61 72 2e 73 00 2f 68 6f 6d 65 2f 61 62 6e 65 
72 2f 44 65 73 6b 74 6f 70 2f 41 72 71 75 69 20 
31 2f 50 72 6f 79 65 63 74 6f 20 41 72 71 75 69 
20 31 2f 63 6f 6d 70 75 74 65 72 5f 61 72 63 68 
69 74 65 63 74 75 72 65 5f 31 5f 32 30 32 34 2d 
73 32 2f 41 52 4d 5f 43 4f 44 45 00 47 4e 55 20 
41 53 20 32 2e 34 31 2e 39 30 00 41 19 00 00 00 
61 65 61 62 69 00 01 0f 00 00 00 06 0a 07 41 08 
01 09 01 2c 02 00 00 00 00 00 00 00 00 00 00 00 
00 00 00 00 00 00 00 00 00 00 00 00 00 80 00 00 
00 00 00 00 03 00 01 00 00 00 00 00 0c 93 00 00 
00 00 00 00 03 00 02 00 00 00 00 00 0c 93 00 00 
00 00 00 00 03 00 03 00 00 00 00 00 00 00 00 00 
00 00 00 00 03 00 04 00 00 00 00 00 00 00 00 00 
00 00 00 00 03 00 05 00 00 00 00 00 00 00 00 00 
00 00 00 00 03 00 06 00 00 00 00 00 00 00 00 00 
00 00 00 00 03 00 07 00 00 00 00 00 00 00 00 00 
00 00 00 00 03 00 08 00 00 00 00 00 00 00 00 00 
00 00 00 00 03 00 09 00 01 00 00 00 00 00 00 00 
00 00 00 00 04 00 f1 ff 1b 01 00 00 00 80 00 00 
00 00 00 00 00 00 01 00 20 00 00 00 00 80 00 00 
00 00 00 00 00 00 01 00 23 00 00 00 10 80 00 00 
00 00 00 00 00 00 01 00 2e 00 00 00 ec 82 00 00 
00 00 00 00 00 00 01 00 33 00 00 00 18 80 00 00 
00 00 00 00 00 00 01 00 40 00 00 00 2c 80 00 00 
00 00 00 00 00 00 01 00 4e 00 00 00 8c 80 00 00 
00 00 00 00 00 00 01 00 65 00 00 00 44 82 00 00 
00 00 00 00 00 00 01 00 74 00 00 00 8c 80 00 00 
00 00 00 00 00 00 01 00 7a 00 00 00 b4 82 00 00 
00 00 00 00 00 00 01 00 8f 00 00 00 94 81 00 00 
00 00 00 00 00 00 01 00 98 00 00 00 0c 82 00 00 
00 00 00 00 00 00 01 00 a1 00 00 00 74 82 00 00 
00 00 00 00 00 00 01 00 b1 00 00 00 ac 82 00 00 
00 00 00 00 00 00 01 00 be 00 00 00 80 82 00 00 
00 00 00 00 00 00 01 00 d1 00 00 00 f0 82 00 00 
00 00 00 00 00 00 01 00 e3 00 00 00 0c 93 00 00 
00 00 00 00 10 00 01 00 d4 00 00 00 0c 93 00 00 
00 00 00 00 10 00 01 00 e2 00 00 00 0c 93 00 00 
00 00 00 00 10 00 01 00 1b 01 00 00 00 00 00 00 
00 00 00 00 10 00 00 00 ee 00 00 00 0c 93 00 00 
00 00 00 00 10 00 01 00 fa 00 00 00 0c 93 00 00 
00 00 00 00 10 00 01 00 02 01 00 00 0c 93 00 00 
00 00 00 00 10 00 01 00 09 01 00 00 0c 93 00 00 
00 00 00 00 10 00 01 00 0e 01 00 00 00 00 08 00 
00 00 00 00 10 00 03 00 15 01 00 00 0c 93 00 00 
00 00 00 00 10 00 01 00 00 62 69 6c 69 6e 65 61 
72 5f 69 6e 74 65 72 70 6f 6c 61 74 69 6f 6e 5f 
6e 6f 76 61 72 2e 6f 00 24 61 00 6c 6f 6f 70 5f 
69 6d 61 67 65 00 65 78 69 74 00 63 75 72 72 5f 
32 78 32 5f 72 6f 77 00 63 6f 6e 74 69 6e 75 65 
5f 6c 6f 6f 70 00 69 6e 74 72 5f 6d 61 74 72 78 
5f 63 61 6c 63 75 6c 61 74 69 6f 6e 00 6d 61 74 
72 69 78 5f 32 5f 69 6d 61 67 65 00 73 69 64 65 
73 00 69 6e 74 65 72 70 6f 6c 61 74 69 6f 6e 5f 
66 6f 72 5f 6e 6d 00 69 6e 74 65 72 69 6f 72 00 
65 73 71 75 69 6e 61 73 00 72 6f 77 5f 69 6e 74 
65 72 70 5f 6c 6f 6f 70 00 64 6f 6e 65 5f 63 6f 
70 79 69 6e 67 00 63 6f 6c 75 6d 6e 5f 69 6e 74 
65 72 70 5f 6c 6f 6f 70 00 24 64 00 5f 5f 62 73 
73 5f 73 74 61 72 74 5f 5f 00 5f 5f 62 73 73 5f 
65 6e 64 5f 5f 00 5f 5f 62 73 73 5f 73 74 61 72 
74 00 5f 5f 65 6e 64 5f 5f 00 5f 65 64 61 74 61 
00 5f 65 6e 64 00 5f 73 74 61 63 6b 00 5f 5f 64 
61 74 61 5f 73 74 61 72 74 00 00 2e 73 79 6d 74 
61 62 00 2e 73 74 72 74 61 62 00 2e 73 68 73 74 
72 74 61 62 00 2e 74 65 78 74 00 2e 70 65 72 73 
69 73 74 65 6e 74 00 2e 6e 6f 69 6e 69 74 00 2e 
64 65 62 75 67 5f 61 72 61 6e 67 65 73 00 2e 64 
65 62 75 67 5f 69 6e 66 6f 00 2e 64 65 62 75 67 
5f 61 62 62 72 65 76 00 2e 64 65 62 75 67 5f 6c 
69 6e 65 00 2e 64 65 62 75 67 5f 73 74 72 00 2e 
41 52 4d 2e 61 74 74 72 69 62 75 74 65 73 00 00 
00 00 00 00 00 00 00 00 00 00 00 00 00 00 00 00 
00 00 00 00 00 00 00 00 00 00 00 00 00 00 00 00 
00 00 00 00 00 00 00 00 1b 00 00 00 01 00 00 00 
06 00 00 00 00 80 00 00 00 10 00 00 0c 03 00 00 
00 00 00 00 00 00 00 00 04 00 00 00 00 00 00 00 
21 00 00 00 01 00 00 00 03 00 00 00 0c 93 00 00 
0c 13 00 00 00 00 00 00 00 00 00 00 00 00 00 00 
04 00 00 00 00 00 00 00 2d 00 00 00 08 00 00 00 
03 00 00 00 0c 93 00 00 00 00 00 00 00 00 00 00 
00 00 00 00 00 00 00 00 04 00 00 00 00 00 00 00 
35 00 00 00 01 00 00 00 00 00 00 00 00 00 00 00 
10 13 00 00 20 00 00 00 00 00 00 00 00 00 00 00 
08 00 00 00 00 00 00 00 44 00 00 00 01 00 00 00 
00 00 00 00 00 00 00 00 30 13 00 00 26 00 00 00 
00 00 00 00 00 00 00 00 01 00 00 00 00 00 00 00 
50 00 00 00 01 00 00 00 00 00 00 00 00 00 00 00 
56 13 00 00 14 00 00 00 00 00 00 00 00 00 00 00 
01 00 00 00 00 00 00 00 5e 00 00 00 01 00 00 00 
00 00 00 00 00 00 00 00 6a 13 00 00 19 01 00 00 
00 00 00 00 00 00 00 00 01 00 00 00 00 00 00 00 
6a 00 00 00 01 00 00 00 30 00 00 00 00 00 00 00 
83 14 00 00 88 00 00 00 00 00 00 00 00 00 00 00 
01 00 00 00 01 00 00 00 75 00 00 00 03 00 00 70 
00 00 00 00 00 00 00 00 0b 15 00 00 1a 00 00 00 
00 00 00 00 00 00 00 00 01 00 00 00 00 00 00 00 
01 00 00 00 02 00 00 00 00 00 00 00 00 00 00 00 
28 15 00 00 50 02 00 00 0b 00 00 00 1b 00 00 00 
04 00 00 00 10 00 00 00 09 00 00 00 03 00 00 00 
00 00 00 00 00 00 00 00 78 17 00 00 22 01 00 00 
00 00 00 00 00 00 00 00 01 00 00 00 00 00 00 00 
11 00 00 00 03 00 00 00 00 00 00 00 00 00 00 00 
9a 18 00 00 85 00 00 00 00 00 00 00 00 00 00 00 
01 00 00 00 00 00 00 00 